1101110000000011
1001100001000001
0001100010000110
1001100011000001
1101110100000011
0001100101000100
0001100110000110
1001100111000001
1101111000000011
0001101001000100
0001101010000110
1001101011000001
1101111100000011
0001101101000100
0001101110000110
1001101111000001
1001100000010001
1101110001010011
0001100010010100
0001100011010110
1001100100010001
1101110101010011
0001100110010100
0001100111010110
1001101000010001
1101111001010011
0001101010010100
0001101011010110
1001101100010001
1101111101010011
0001101110010100
0001101111010110
1001100000100001
1101110001100011
0001100010100100
0001100011100110
1001100100100001
1101110101100011
0001100110100100
0001100111100110
0100101000100000
1001101001100001
1101111010100011
0001101011100100
0001101100100110
0100101101100000
0100101110100000
0100101111100000
1001100000110001
1101110001110011
0001100010110100
0001100011110110
1001100100110001
1101110101110011
0001100110110100
0100100111110000
0001101000110110
1001101001110001
0100101010110000
0100101011110000
0100101100110000
0100101101110000
0100101110110000
0100101111110000
