001100000000110
001100001000100
101110010000011
101110011000111
101110100000011
101110101000100
101110110000110
101110111000111
101111000000011
101111001000100
101111010000110
101111011000111
101111100000011
101111101000100
101111110000110
101111111000111
101110000010011
101110001010100
101110010010110
101110011010111
101110100010011
101110101010100
101110110010110
101110111010111
101111000010011
101111001010100
101111010010110
101111011010111
101111100010011
101111101010100
101111110010000
101111111010000
101110000100110
101110001100111
101110010100011
101110011100100
101110100100110
101110101100111
101110110100011
101110111100100
101111000100110
101111001100000
101111010100111
101111011100011
101111100100100
101111101100110
101111110100111
101111111100000
101110000110011
101110001110100
101110010110110
101110011110111
101110100110011
101110101110100
101110110110110
101110111110000
101111000110111
101111001110011
101111010110100
101111011110110
101111100110000
101111101110000
101111110110000
101111111110000
